 
x^2 + x - 2:

roots =

     1    -2


erfl =

     0

 
-x^2 - x + 2:

roots =

    -2     1


erfl =

     0

 
1e155x^2 + 1e155x - 2e155:

roots =

     1    -2


erfl =

     0

 
1e-155x^2 + 1e-155x - 2e-155:

roots =

     1    -2


erfl =

     0

 
x^2 - 4x + 5:

roots =

     2.000000000000000e+00     9.999999999999998e-01


erfl =

     2

 
3e-7x^2 + 3x - 5e-13:

roots =

           0   -10000000


erfl =

     0

 
-3e-7x^2 - 3x + 5e-13:

roots =

   -10000000           0


erfl =

     0

 
1e-42x^2 - 2x + 2:

roots =

     2.000000000000000e+42                         0


erfl =

     0

 
0x^2 - 2x + 2:

roots =

     0     0


erfl =

    -1

 
0x^2 + 0x + 2:

roots =

     0     0


erfl =

    -1

 
